205
7 20
40419 22656 90821 95812 37092 47086 71696 79184 32082 17095 87022 37050 12603 63360 84296 50744 21142 27984 37266 70688
19 20
57153 2596 41297 82303 77516 53043 53181 59697 34109 33832 31923 15417 289 10987 62074 45938 84845 50289 84320 54031
24 20
51615 264 79114 1864 17724 38835 47774 44558 88984 90615 68370 67938 29104 46741 33209 37301 62132 480 77741 46348
36 20
77963 59274 73880 99914 89878 63319 2357 78426 38217 99462 95899 30060 26656 18738 46868 35593 19921 26631 43003 25237
55 20
52714 37240 34149 79878 30930 30150 88101 95128 26334 13647 12794 86566 49673 88825 2612 2172 54182 44334 462 68662
67 20
97380 10379 80138 17819 38474 53171 78606 23088 96609 19160 43532 29957 3776 56251 8420 70823 43389 97315 66461 13875
86 20
36423 10795 43935 16121 3767 41539 62883 62817 42084 25588 47605 92133 49254 7112 85049 96175 7957 99786 40976 72443
88 20
92257 9925 71517 64710 83567 2478 26920 13921 16584 30039 87879 95943 28074 15842 42841 8235 85299 83687 16004 96717
89 20
19252 28626 72941 88628 18455 29904 82939 70486 32438 5836 72340 39105 43448 98228 74429 75415 19047 66447 44708 93351
124 20
24621 61355 24050 73992 27245 14060 85089 95809 42217 1761 15639 22781 19998 50535 14797 90452 15396 72008 98554 59965
128 20
64844 24791 70280 97901 61270 59641 39851 52782 76845 80845 91524 12263 3846 37425 65396 1909 23700 25020 5254 75475
129 20
38127 80185 46338 41535 6860 3088 64007 1657 33848 354 79097 72054 99552 57394 37171 60713 36695 72361 25020 21181
136 20
59229 89139 44802 13761 40032 91654 56992 80739 30890 62274 59705 77442 58009 96918 71630 26421 98607 43787 13762 82340
146 20
93095 32080 98354 90250 73002 73303 59664 59044 99600 25537 78738 92092 75714 32433 49939 31293 14602 55777 88980 74324
148 20
74244 73136 87691 38119 1799 80395 54912 62178 20919 58781 19015 78251 39506 48041 27152 29002 31811 24662 36932 95553
158 20
59124 56358 40091 41869 54957 46500 76297 29961 40916 74345 18840 51773 24685 18337 7136 80158 37704 9689 59994 93386
162 20
63258 21451 3232 68616 89108 20399 25561 57980 82818 77681 36736 57419 12791 71675 53455 63503 57452 79103 5420 80156
164 20
72856 16202 45825 3057 62079 26042 50070 53669 26313 78121 2451 34476 55460 705 72740 57605 17900 2822 2908 42814
180 20
22770 56086 52970 71005 98128 862 79716 3243 20863 72660 75870 84541 97815 53633 57753 65750 31588 87213 35394 54866
185 20
23886 42303 51679 31531 18316 34603 20578 8286 54999 66884 23743 92716 8393 59268 22544 1773 23847 68514 1563 25879
189 20
88865 93551 50049 97186 19259 558 67725 82215 25200 86126 81063 46361 71241 75804 83098 66236 19050 97539 35951 59556
208 20
17221 5067 37385 98969 16078 12911 94900 99888 78411 67551 77285 57362 92876 21996 41637 86967 12886 61799 22880 35259
226 20
35050 32160 23681 39376 50448 47086 90399 5523 3695 3913 77675 81207 45513 42972 7484 31614 41896 83398 1954 20514
240 20
55689 37891 72409 49892 21367 95355 1622 88217 76863 73126 54767 43496 69382 14528 76683 90766 28567 15674 69742 63303
243 20
19979 33857 14463 40821 28617 90322 25516 34016 48340 91767 43824 22596 8039 67052 81411 66764 3667 4157 85694 27509
251 20
42139 36247 41394 30980 2436 28038 36245 51726 88034 49704 43465 56930 68948 380 42849 6156 16364 30613 80354 96369
253 20
29621 54820 64782 3707 8376 22242 70376 45203 67183 70493 18592 48207 96108 37101 80919 89607 66844 15033 48777 32602
264 20
73181 32309 59053 19188 58244 88161 99300 92154 51971 49444 43906 12083 22244 68055 99607 33829 25941 49927 26064 69178
268 20
83737 78859 50837 55432 53077 27501 93039 23276 79130 26520 81467 78162 67623 1221 21054 59143 40478 19026 71056 437
281 20
77402 47053 81944 13010 22164 20667 59726 89640 43663 77729 1500 90495 48546 55156 39299 36781 10581 70653 43427 71018
288 20
16156 63383 33467 49386 70284 82004 78640 94165 13018 39073 96060 17089 9407 4272 83755 28482 34940 18381 33004 66503
327 20
17458 83546 13955 39515 11120 20913 60703 63500 959 22030 27588 26744 45571 10438 14177 41349 59383 57218 48087 99234
333 20
14167 66077 85210 54340 26728 17375 65703 77281 16094 98009 629 56452 42018 2253 22979 83552 28898 66274 43130 56312
349 20
83215 64201 17897 92378 45706 49971 10212 55168 56492 71808 20469 87536 18167 97265 93253 39545 59352 73350 99807 34171
368 20
96289 93901 12714 94488 46529 35072 49988 98103 18695 75200 85919 58444 36745 71361 36764 37600 38190 57843 81425 76559
369 20
68137 9741 13634 92968 9739 78547 74289 26625 42756 30841 77410 72504 51246 32053 35058 79272 15393 6355 5709 3212
401 20
76985 17057 5896 76566 56920 13170 58449 2236 54414 4749 45239 13769 26745 61483 75380 48257 37875 88244 86633 20960
408 20
94197 31129 34200 2194 25439 65595 69455 54593 13037 95036 16803 62757 79566 69269 42226 45051 47022 68646 79586 70901
413 20
38312 41958 20478 87196 88493 48820 24975 96606 72427 42546 54635 82117 80874 67389 22481 44457 37401 22100 47852 91902
414 20
58203 57632 134 4391 35170 30257 13209 3857 11876 12491 43849 47195 82540 55000 67594 72431 98692 78367 75477 61099
415 20
35379 51182 35870 89686 4159 81386 54775 23893 38207 51525 14555 31832 27588 20048 32142 48942 61405 5888 33165 16613
417 20
1989 6910 94957 53611 54617 35858 275 15324 96586 66048 10368 24763 99685 93582 60189 47041 23860 42052 67351 95889
423 20
1064 45754 23185 59156 65885 37374 27431 84903 80117 14955 27413 44966 23481 6554 51427 51168 43177 46397 49507 33519
440 20
97381 92904 75875 22116 72845 65068 51407 17196 14865 96386 81887 22669 22051 52863 29751 90229 52208 64025 88277 98786
444 20
3077 53963 62467 55257 36998 1892 41619 80636 50386 46666 47515 84956 31693 33829 47918 75863 21992 25777 31023 94801
470 20
58852 34110 50532 75916 83487 71140 7128 61793 85789 84614 84978 34263 30681 84652 60568 54586 72655 42465 65050 72346
486 20
97830 4790 62384 35600 70433 92872 57487 16438 74082 1886 17824 92546 21153 32434 30785 80033 28477 78122 77753 31791
517 20
41481 46862 4500 90605 89982 74245 54503 30055 79584 60630 47947 81806 21012 45419 73642 54076 57333 3476 49599 74050
518 20
77077 46188 18559 96228 72282 61006 28857 87760 15787 49205 39438 91668 45991 77244 23081 83144 2479 50495 17225 58061
540 20
40799 71148 76095 99841 3932 26688 95207 60217 54939 83494 7834 87992 90665 74630 90421 92661 24931 77422 25001 59799
591 20
36684 63788 93494 17873 94574 4934 2324 20925 6503 10485 53076 1056 13947 13749 56387 56038 97 81663 24529 81750
627 20
74570 6016 49106 41993 94802 39432 20137 76493 13907 46427 61874 92874 60226 60962 18989 17668 47618 75802 52170 38799
628 20
57364 42971 45245 46097 44501 58733 71262 76976 33164 78452 16679 64407 80800 94303 89868 45334 19376 87939 61628 17547
660 20
40898 95169 71677 21208 23049 34598 59222 95694 4930 51277 44237 27572 70650 58188 25917 80658 13028 25020 77441 41265
661 20
48941 87312 32402 83190 46618 77606 50977 25973 15297 26557 49350 31489 55860 41272 44823 15973 86001 9112 5110 66405
683 20
65377 60442 54715 60715 154 62794 98625 42069 96692 3386 12114 53838 2189 88048 22835 13929 79372 13587 68152 42734
690 20
93830 63739 10675 65560 70571 27357 43053 34705 77729 60717 29876 43332 36148 51220 31170 1690 98225 65151 82388 2067
717 20
29214 33839 84922 32110 88204 71402 30665 7343 52084 33787 19074 10237 49689 10964 40782 23806 58134 49956 63263 32630
729 20
28997 60903 58995 67662 95471 80707 55959 21211 15315 90399 76777 74269 94761 92604 10015 50795 60377 73175 2445 55762
750 20
92071 45847 29780 33695 61805 70699 72284 25166 22942 60875 58691 27988 22160 66429 8859 26957 54682 44190 9158 51654
765 20
32747 38161 75930 60530 94373 56285 43247 9582 88755 55065 98221 61130 11814 77002 3914 5981 75525 88594 55569 14281
768 20
91528 31893 81610 56776 27173 21771 76673 70394 10346 13062 75406 4122 25265 6789 97807 69135 27276 26487 38947 85447
774 20
29855 71319 92333 77177 43315 47312 78384 76467 52718 26450 24331 45591 85695 38024 61211 66742 38624 7378 69604 89023
782 20
19800 71615 98282 6278 83703 47612 83412 52823 65545 58000 79218 62911 97069 70989 73495 60812 74215 40024 53295 63262
788 20
71733 9191 7475 80925 37079 86221 39540 88573 80778 47995 81437 52063 56596 72963 25815 44452 7660 92758 32579 60624
814 20
41032 23036 55991 74620 46466 84848 52641 17022 94732 93376 54707 50581 84488 75362 49076 63855 36942 97902 5977 93737
816 20
11888 24315 796 65508 49210 86837 13160 31867 26342 33229 73512 74550 23846 69173 11853 22721 15732 3183 38896 86795
819 20
42237 46521 9051 59985 38840 36913 46094 90790 375 71082 56750 30841 32648 36266 63321 83060 32313 4057 821 56340
826 20
14921 67391 33548 96190 53181 58334 93665 6975 31097 22784 47316 92156 93769 55719 67897 37976 97 9190 83850 2354
842 20
74515 17708 24743 20918 86601 33364 27625 2089 75689 885 89466 15528 84711 58953 64525 23520 95750 85173 55491 52592
848 20
681 76562 71790 26029 66596 10699 19413 87597 95698 7640 28295 69839 80884 74184 88991 4371 26788 96781 94950 1508
852 20
85515 5871 33037 78418 44029 50386 25458 39399 16154 33765 22734 54763 32348 611 99912 92179 5739 51262 7622 7225
854 20
41186 99670 68050 46127 41059 92231 24645 70000 20317 22817 81781 40915 38894 59807 59064 78498 30572 5310 95779 59377
857 20
59832 39757 38267 13871 60684 80225 81804 38945 25445 90291 93507 21563 59024 14388 81420 44310 96102 2797 2681 62602
859 20
11267 35412 68733 73627 64437 11917 74636 65525 68238 29902 97495 2164 43225 16569 38193 76621 17798 95954 11780 36982
860 20
17683 27169 55020 77123 69340 27050 69766 61696 87905 92223 38013 27588 92083 57249 38587 15935 75781 3974 73643 35691
873 20
99080 52468 26751 7037 40448 74897 70023 82000 35992 69268 58891 20673 55579 75970 92375 74841 51555 72629 79035 18274
882 20
88806 58176 91719 72049 99805 6998 35777 41514 61793 21088 50148 55617 38146 32319 35212 7252 57741 14408 49219 32637
886 20
58244 78860 96329 56359 50608 1077 95729 59837 74639 99355 73724 39817 22617 46596 82062 99704 8700 31949 18089 87083
909 20
89774 1692 42366 87173 17502 33171 23621 27663 24854 75877 65927 51278 94417 31093 87262 3975 8163 92502 53707 68062
921 20
36741 30388 34669 55248 80451 99329 97067 98966 51518 95477 42771 13167 47782 50002 98339 32083 73568 41611 75446 87424
930 20
15374 77709 50122 98123 69882 32075 60154 30940 68671 24536 24066 64593 64149 69252 62830 8878 55988 31670 68975 76659
949 20
85340 66774 85625 99103 51721 70208 16433 81237 96095 35429 22710 46937 29480 27370 44036 8189 75318 86022 34020 83829
967 20
99173 10985 2449 5029 16331 93616 1090 29897 18287 84364 8565 3996 21624 70236 5350 68912 59856 49327 95264 63556
972 20
43377 67802 47495 17859 27474 16153 41005 15185 22442 90445 2389 23737 60423 42783 67061 2497 71103 55508 54586 35199
974 20
50584 81788 36841 18860 95871 2107 8501 18023 29246 52218 90806 59834 5647 34577 44538 75170 50200 59541 81697 52876
976 20
25452 69105 89648 84913 20915 2565 61575 79713 78129 70061 27399 92649 96395 40726 7768 3121 3485 61758 1581 84408
1013 20
78045 91133 74588 9821 29253 91386 48286 41999 79547 97815 66255 11233 94765 89238 70292 23742 7462 42144 9411 94464
1026 20
63978 75733 79389 27446 37031 89779 45896 59147 19806 44846 90014 52055 13929 62831 15746 92045 54588 79802 15279 41952
1045 20
17105 25087 20595 95978 77344 63622 90560 21886 41485 54028 20566 44114 43439 87873 56316 91949 29992 39892 38313 49560
1056 20
27255 13339 70034 8504 27322 3261 35491 99085 36826 25181 19658 20999 28179 72060 71189 55429 67857 20115 9881 27853
1071 20
32627 95206 63642 6887 6476 40591 24067 16958 95131 95444 51129 54740 72878 71649 69803 58381 18563 37300 93264 15724
1090 20
68940 96998 6770 49034 87301 64013 4420 46275 97896 690 57216 23170 87357 54260 9209 11204 46403 30112 54217 78061
1099 20
74087 3027 1075 4067 87950 9047 85532 36520 68919 45774 9996 74838 67660 89199 429 81056 31062 46920 36492 36238
1105 20
45742 24010 22222 75455 10472 81432 97524 2883 35276 45712 46187 22025 82336 90457 89740 94034 63454 58548 47258 78451
1129 20
1840 52060 6439 30442 33866 72190 85699 99305 42788 80633 97345 41598 90120 99732 43757 33649 48935 92967 49311 51561
1132 20
12537 93410 33770 47465 91957 58438 54808 71646 32146 40655 42644 3261 88903 51733 48298 21363 21533 84502 13228 105
1133 20
89093 48670 67618 35861 41188 21741 20708 87020 41625 20269 4635 80544 50898 23940 6023 84375 23045 24559 22869 28103
1134 20
97847 75431 25465 54712 98064 23881 74091 20869 56435 73491 56195 4977 64372 30164 23150 92712 99114 86112 98053 58042
1135 20
57494 76388 80987 53763 78842 331 63763 10806 11249 64318 72578 53150 82425 3538 96271 3110 33281 49456 4990 31496
1140 20
84840 75455 55056 93535 88515 21112 63640 63017 2089 6225 32885 9961 8234 13356 58254 96123 69233 90425 88504 5908
1154 20
76263 89411 4517 21593 94666 38244 68390 82830 33886 87964 22384 93107 44725 33249 28816 45281 78403 13341 36558 10939
1155 20
23425 23384 27169 55144 84432 11764 25553 64607 9001 85574 43248 81625 65851 96634 99590 95713 95111 81703 33453 10736
1192 20
3642 73614 93095 57282 40448 97350 41635 46738 24015 10881 24210 35148 93879 16515 2495 6912 7660 66298 72602 93215
1201 20
78818 16196 58677 48464 28933 91106 33588 99331 63192 4850 34078 8851 93111 8585 6471 84256 26759 66837 33482 99899
1202 20
76220 41014 11899 37273 26898 39351 7203 1706 66617 61783 85791 10544 26773 6404 22968 65975 19774 14277 39750 86059
1203 20
96313 16762 81118 39203 81526 82886 23833 89545 51705 82655 99858 18330 70436 43067 4995 92275 6960 99530 20943 64922
1204 20
691 88684 78355 62670 97140 58673 11271 6582 12557 64777 79823 86720 50420 91388 54349 27545 29562 11677 31487 85773
1209 20
13140 2502 46711 26356 67727 38583 28900 74452 82260 80743 86065 58099 46156 67779 57637 42770 91337 38776 90164 15166
1217 20
53798 33223 89138 14067 54511 52743 17990 80799 10684 34884 33646 1165 89107 12621 58173 88232 69122 47018 49344 73460
1236 20
85762 48669 70965 17094 48466 84241 47 64338 10906 38719 27413 74084 41630 47664 79905 72766 2636 93601 67494 83149
1266 20
19803 24475 45688 86379 54414 97665 64969 57823 94545 16942 65302 68386 9762 54457 6052 84104 40349 58824 60538 87745
1267 20
96082 17825 66432 40834 13994 5885 53688 9506 34469 39525 592 30878 9453 62486 90776 67886 91226 82685 18473 2829
1274 20
54462 78981 7690 673 66288 23872 83511 40020 48214 60824 93789 61181 82843 76576 41491 43074 4021 27435 71581 65240
1277 20
29453 19098 97115 30115 91599 78639 81746 22583 58435 39330 41267 81868 1065 81536 72965 95266 93338 98824 98883 16516
1302 20
59592 80925 70175 37395 33320 30149 87842 10070 11106 80549 36161 78333 64725 77959 52201 60380 10683 80169 86249 44582
1305 20
64397 80068 19682 85390 82176 16546 2 75980 1409 63400 463 24 16862 19686 86033 771 67935 32496 53253 66909
1318 20
30334 99962 14868 53550 80494 57100 10334 95654 15196 98679 61901 55870 81761 31460 29097 44748 97398 33648 49411 82763
1323 20
29326 69882 74341 25218 44922 72386 78043 65990 55771 2676 59502 93141 80714 19410 10531 90861 12159 6062 58973 59966
1334 20
8339 18461 22186 45848 83091 69265 5880 41435 27934 63640 55424 15579 95044 26470 61348 56533 6596 40785 90367 90521
1339 20
54645 83404 20827 88628 78886 84732 56789 59321 50928 18824 96674 62939 18198 12725 38256 17636 89644 84734 18190 41114
1356 20
83283 52190 15920 73445 49706 77787 89796 40507 56979 61543 74453 1718 98328 70779 66975 63860 57786 7850 74656 13975
1359 20
84048 68374 3128 92632 61514 43706 92916 1296 38457 23124 80642 16416 79517 57453 18195 18984 17115 15919 90005 76659
1364 20
46785 61473 9703 53457 22118 67215 6637 5480 50191 16602 35016 83629 13278 36175 7442 78179 43337 18075 95115 31631
1393 20
91630 11625 37879 86635 38207 30660 61249 87443 75195 10233 47070 38952 98298 61145 22411 13523 91475 926 25053 59488
1399 20
54174 84895 37143 9121 85152 14498 59639 58834 46915 17428 24787 87364 82535 53040 38609 7660 68936 21927 10558 4123
1401 20
21662 36831 18325 32087 99567 40839 88283 25313 59882 89744 35776 650 63603 33765 10209 4430 85309 63672 77727 41249
1404 20
19702 16943 51860 89394 42863 34901 73773 34380 14495 54341 52913 89789 58697 13095 52701 19170 48652 17537 22565 71159
1410 20
7350 83477 51431 87020 99046 45347 28390 77058 68836 22183 93692 57676 1401 53030 85034 94547 14223 77375 83842 91680
1411 20
23714 50491 76697 28297 76499 19174 47228 55615 7445 73094 20333 44615 83239 89996 18177 32175 50934 58473 20610 93170
1412 20
25377 28802 52786 91297 84700 59640 37952 15775 16953 758 6274 22126 12127 80257 48450 89466 3804 88743 95001 20562
1418 20
36158 56241 48647 41546 70987 26719 76551 80455 90864 45974 37168 40677 20226 76713 55364 5959 49730 16675 56066 84881
1431 20
9867 22562 94101 6437 78057 79633 94079 34911 50723 21459 99262 54743 72767 92474 49397 40323 41367 89197 40976 14684
1438 20
68407 23290 2534 81831 97390 71586 70205 12833 32566 1026 57769 42181 28131 2235 8610 93989 4492 78128 10044 65681
1443 20
76758 78421 69513 74748 39458 77098 17024 43248 38068 49153 35217 49894 80659 82703 95436 38906 92590 93064 40767 5800
1453 20
17714 25123 54983 15385 56190 28208 24651 38811 66733 39332 49749 74243 1339 59341 61255 12015 70749 68226 51412 22832
1461 20
36474 34435 65716 13637 88679 7516 79817 48803 1468 70627 21944 3923 1361 34357 29537 85090 43987 99307 52474 9608
1465 20
6159 81711 71796 74811 30721 29361 82355 50666 52286 96 33539 45149 78843 38758 10613 44199 90912 7543 19036 18009
1467 20
36960 79717 48893 14235 68974 77946 76964 18448 19561 13654 95398 49195 37446 21414 97590 57443 58250 87808 57733 27577
1478 20
29736 81910 56764 95287 31959 59763 21990 29280 16091 11030 70272 40915 94114 89956 99281 44076 3165 94760 16541 88154
1485 20
50290 45290 63188 17274 91393 47028 68201 68523 1268 74662 18868 76026 20796 22952 56084 4679 33775 9283 87854 55995
1492 20
19638 70166 85652 65481 84349 79703 65626 43939 56758 38993 75541 13563 52358 89478 30988 92549 77029 32637 42748 71838
1516 20
74133 89052 28928 6026 25096 65931 21851 68551 75545 54631 96431 35392 99725 25771 88346 93938 7187 26779 86602 38377
1525 20
27961 60421 53366 68314 24060 42323 16791 93090 56296 88997 91112 59789 73558 22667 9352 62072 84745 94367 95293 9687
1532 20
71525 72070 63063 90291 22961 75325 30511 29485 65250 27115 48945 34062 24802 38435 28586 26652 52650 61824 56834 95959
1537 20
83836 48693 12074 77438 74527 97801 42729 91907 10681 61374 87307 33275 37321 69114 17099 72268 54007 2729 6451 86409
1542 20
48422 32276 43483 37154 57961 88883 41059 53326 91068 41041 50781 35572 23501 47800 2698 74937 46442 86246 20852 25437
1553 20
21370 69645 1360 342 30234 69349 60459 34675 2859 96651 19105 54830 68934 66173 40468 14183 422 50422 93628 30699
1558 20
97366 26260 69617 33220 24684 15364 69691 67847 93152 68838 60398 25111 89419 11515 44187 18658 7743 17591 20831 36979
1564 20
81853 689 75205 72867 70173 32537 19947 35287 26533 57713 41926 95567 17678 91579 47212 23275 14838 2726 4629 14084
1574 20
27191 64072 82845 27993 36976 60025 18382 60513 13165 79634 95189 23175 44988 38637 51446 48937 83151 95635 12155 69816
1590 20
91546 44930 42873 2134 23648 10382 74549 9828 80717 90864 22519 2770 83061 8255 27041 67334 16264 75650 39080 94592
1614 20
72521 83183 14970 88481 6088 90021 71700 18855 15602 18496 63606 88772 56689 865 48713 37845 74347 11032 6043 14054
1618 20
30016 59773 98289 41190 34808 30245 87687 19733 97250 2216 37148 89628 52505 39408 59552 81907 27330 43601 36 16210
1627 20
32468 2782 2852 93772 54552 7555 28557 13616 5248 10080 32659 55647 56680 3957 49224 50094 92230 25732 14684 19660
1661 20
24511 85544 148 52131 38934 31834 63329 54200 78657 11558 39745 99581 61243 51298 24792 88907 35534 41620 75322 86486
1663 20
90692 19574 89871 40011 74074 21139 38622 42476 6592 69375 5536 22111 52248 92401 60493 84923 25155 22624 95263 64107
1670 20
93037 3093 23129 68278 68239 9793 63980 38845 51718 56610 2236 1764 16775 74694 7834 68138 71716 3253 76288 4625
1674 20
45603 52323 28027 59155 90096 3229 69888 87865 79131 20686 35132 40543 79945 81845 3818 90720 53870 44751 37825 34528
1690 20
91761 32861 93681 56080 53919 99536 32610 22256 81012 44080 74950 48518 74480 22036 33213 55029 85301 21823 74698 47934
1699 20
32531 95118 88608 93442 79890 42149 51382 35991 71956 45762 56046 18287 41142 30576 60949 38422 13059 96266 19095 21966
1709 20
67208 64139 64560 19125 19046 62914 12827 3126 68679 8352 53019 72682 45950 95563 1772 49583 25228 49595 81752 20277
1710 20
69544 23575 87730 81702 72811 82128 28593 24420 49003 54573 8315 16624 79794 97475 40172 87138 70407 12570 18689 88922
1730 20
23635 31005 29521 14125 33137 3985 92916 96830 39910 60663 19580 68670 72761 83809 62644 2446 61511 24367 14141 42927
1743 20
65475 29366 24269 20821 94296 50750 23621 23004 11480 12591 89597 50948 87627 76602 9692 68503 34912 12481 80002 24247
1750 20
18814 80077 97517 91723 91749 62902 74833 84480 70715 28733 68603 68908 10305 11023 64392 7149 41618 54370 3419 44587
1751 20
76085 10173 5504 85976 530 77078 38477 3221 82455 18610 25177 13126 75106 1225 98930 45212 59370 23485 54011 51072
1752 20
34219 14251 226 97137 83265 63175 32922 3970 30714 50923 66285 6294 67044 88425 14089 78980 40002 3907 56345 70743
1769 20
87017 33024 7619 59229 89148 41913 95524 47207 21137 29957 39873 12071 39695 88216 85843 36196 77756 78261 52421 18408
1784 20
29068 98034 55986 75969 35 54932 99239 43960 92530 48121 65629 2140 67458 61161 42947 20343 35483 1774 44760 989
1785 20
75745 13637 3713 71438 25081 83641 89629 23466 20710 28923 72860 2644 8805 70753 65211 35779 23543 4612 67301 26014
1788 20
69912 98365 26980 62435 33945 40213 80717 13868 35161 23627 97808 3752 74816 71187 64524 31018 23488 52092 76629 98672
1790 20
79007 19253 27793 52660 54235 83874 15140 45430 39903 79582 59528 24251 27380 9859 59698 12947 28179 12853 49580 676
1803 20
11354 55820 66257 6187 40407 20220 4746 88812 30171 99296 99959 65450 15430 29714 49557 60834 74092 90642 4666 39287
1807 20
99187 7847 92886 74681 89163 86753 77216 55560 8010 39933 93474 63275 97929 94259 60598 88738 48294 88360 49334 90073
1812 20
90159 89310 81393 52135 40192 89741 97811 38890 66766 85113 78702 53322 87752 86931 87679 65584 26813 54479 78892 52496
1815 20
39778 46231 11472 77584 53452 93261 73409 66241 96408 32932 11558 62223 72567 19271 20432 52911 21898 7803 36287 72742
1841 20
90937 21689 9497 77503 10323 6586 76892 92269 37199 57389 95102 31189 3036 8138 84061 89534 99961 66478 47022 2761
1845 20
32656 3355 18127 78228 74723 94274 65950 46178 94414 42100 3882 36266 68031 71105 20129 81059 32815 41147 11601 71896
1851 20
62449 42784 8076 90832 98532 71754 24372 47864 93418 75646 79332 70104 26999 70893 19732 85434 94077 2958 29689 18328
1862 20
64931 79943 84894 63853 87836 30658 82779 91053 23202 96620 87810 94411 28128 8407 59677 79774 55557 16910 95796 21546
1867 20
14997 39063 27386 62671 87484 52202 90226 28659 88528 19289 27367 50692 33625 83663 45859 20149 67210 6598 29385 81855
1872 20
10611 60464 64956 94228 93092 57820 62337 33490 49544 35451 70689 37214 98775 74465 80328 55179 13028 86373 57652 45957
1897 20
79361 79704 67223 51065 52350 32001 98006 47795 4982 51019 57867 23838 76005 78574 67570 92617 60073 82089 1907 86609
1902 20
89141 7683 54337 3674 95366 64518 22299 69917 25333 39691 52110 18058 4802 56597 27420 98620 6062 50076 97668 36766
1911 20
32764 78979 44359 31259 51734 37169 24368 67841 49484 43423 86319 31051 13741 31521 56231 78756 53101 48403 61157 3875
1928 20
91387 30272 71206 13849 2137 50666 71220 56262 98559 37082 78401 28227 7612 16058 29389 9633 97196 35298 99276 83502
1949 20
24096 18968 82966 71256 98832 52845 2883 63589 5658 7767 96757 99572 99686 77607 75188 21318 29512 46254 41367 1416
1959 20
33065 66986 79779 37814 92586 15504 37462 8816 30360 6488 65440 30904 26841 80465 40740 78377 22070 58849 2558 26926
1963 20
36219 41579 22925 47421 21730 53039 77314 41118 27447 85379 41602 65636 60410 41207 70641 6107 95370 61203 33341 36653
1965 20
53425 59542 98994 84680 16874 41962 5083 80861 42917 8328 66213 68267 35886 9483 12248 68900 77409 12158 82661 84494
1969 20
92789 69385 11470 69470 29883 36256 22896 36173 84262 68251 88099 14936 37280 62422 46941 16318 77812 51253 36425 37785
1972 20
1204 59595 65662 65305 29462 74387 11627 78442 79347 81506 35132 8613 78954 47295 23587 74510 32969 33606 32437 70806
1985 20
21711 53075 17474 61947 55034 21684 79703 44967 75766 36762 12654 85728 46771 50199 52897 15175 71188 21898 72046 77460
2000 20
59914 67626 87298 88835 99914 13913 37339 26922 45716 15680 31211 66264 57057 11706 60494 96178 4784 97631 86918 34333
2004 20
54809 83519 15913 85088 39549 46185 40756 56985 71301 4856 69728 43945 55372 17201 50973 67926 40864 95003 81855 28476
2023 20
44072 19183 89505 14117 10811 4709 71120 68558 68773 25754 65288 65821 32472 29948 80121 3966 64230 17888 96004 16809
2036 20
40670 27844 83062 92696 45700 24556 51581 16038 63312 34011 93088 21988 83164 81755 94494 84093 4076 81429 13604 98617
2044 20
29958 39554 69029 71861 27066 89068 25945 63471 64546 92294 79761 7230 69976 59429 90947 34336 2766 73699 63723 84863
2052 20
13676 51552 9028 23868 35474 24808 47943 81526 9021 17373 19915 67938 79375 67046 51723 41650 90795 23671 4242 3675
2079 20
81842 82091 18985 87837 87813 3333 10174 9323 47464 49627 13037 60294 65350 96654 24382 58472 72866 87657 49369 22275
2100 20
35894 83379 59515 79502 1945 53743 76171 8045 35427 46250 81719 71192 30916 5865 23256 97726 54872 54967 94917 61905
2610 20
1382 65479 61304 49113 77032 48043 39325 89240 66708 4174 7820 74761 25060 53356 30494 52297 11071 10458 48745 71113
3428 20
612 47401 28439 69864 36727 51354 44929 88298 49856 97430 49358 71379 56796 53296 25787 94797 87468 63123 39161 61709
4871 20
920 12492 79041 29616 52743 42134 10014 2030 11543 55914 58146 68337 17652 50357 83073 98377 18945 17164 66996 72701